109
47
82
50
85
270
100
123
239
42
42
93
153
45
255
140
68
63
269
170
40
75
158
151
108
261
224
213
124
154
169
8
119
85
124
272
82
167
27
236
224
51
271
266
72
36
249
114
78
269
65
11
161
202
117
149
107
107
152
98
3
262
86
156
108
226
82
272
110
13
180
127
118
102
17
160
187
130
150
264
113
95
97
55
35
260
122
137
72
115
5
152
76
205
140
192
111
73
149
63
182
163
63
121
23
7
233
194
157
261
98
260
238
214
146
48
229
270
239
13
244
221
257
275
170
87
41
239
269
193
219
39
109
13
186
189
270
89
235
250
154
51
254
129
146
4
5
120
130
42
203
142
96
159
146
266
237
266
225
197
70
102
108
105
147
248
269
93
240
91
198
256
8
59
238
95
139
41
49
210
159
127
32
41
215
241
160
47
86
59
275
59
106
164
273
226
273
10
76
107
129
224
160
107
262
203
243
176
238
62
228
105
28
116
130
248
32
66
174
94
4
86
87
9
131
206
30
129
123
227
205
3
139
258
141
231
92
37
4
194
222
224
166
167
67
88
66
66
148
226
48
96
220
125
4
215
