50
242
265
88
141
247
254
256
109
215
135
147
47
102
265
146
168
100
96
81
196
125
129
172
222
189
31
14
8
181
176
206
21
14
51
112
182
90
261
178
142
261
247
123
83
6
167
245
88
201
208
130
122
28
262
61
95
47
74
77
141
225
113
88
112
133
149
145
114
43
165
72
64
47
167
225
274
127
119
268
46
11
32
185
234
261
28
130
106
86
150
65
216
24
87
123
127
29
250
31
109
100
248
206
39
193
217
125
167
175
2
128
186
188
268
217
200
163
36
242
26
35
234
123
180
64
186
84
269
136
244
232
180
166
64
91
216
16
175
107
196
26
276
258
86
265
267
91
33
193
154
78
105
209
185
232
85
209
54
132
92
170
117
33
28
137
116
125
58
49
108
212
137
167
110
43
188
86
98
90
141
53
265
209
43
180
236
146
226
131
171
154
97
61
121
87
221
271
265
251
259
200
107
166
258
53
65
184
221
127
121
217
255
194
214
116
2
204
214
161
91
8
82
260
24
94
45
92
123
170
20
98
56
95
59
188
0
208
77
171
126
10
260
256
194
159
78
7
190
219
141
181
187
180
105
9
